2 0.27421875 0.45859375 0.0859375 0.05234375
2 0.2703125 0.528125 0.0671875 0.04375
2 0.26328125 0.6015625 0.0625 0.04296875
2 0.63984375 0.40078125 0.34765625 0.034375
2 0.55703125 0.4265625 0.12734375 0.03828125
2 0.475 0.4484375 0.025 0.02265625
2 0.4859375 0.4796875 0.04921875 0.0265625
2 0.62890625 0.503125 0.27421875 0.02421875
2 0.54765625 0.5328125 0.11171875 0.02890625
2 0.61640625 0.5578125 0.246875 0.028125
2 0.48046875 0.57734375 0.0328125 0.03984375
2 0.6328125 0.66015625 0.3390625 0.04140625