2 0.10234375 0.02421875 0.1828125 0.04609375
2 0.13984375 0.075 0.2375 0.0328125
2 0.17890625 0.1609375 0.2671875 0.03671875
2 0.19375 0.3890625 0.31171875 0.04609375
2 0.19375 0.51875 0.30078125 0.0453125
2 0.19453125 0.68828125 0.27421875 0.03046875
2 0.54140625 0.875 0.109375 0.03359375
2 0.0921875 0.8921875 0.05546875 0.02578125
1 0.69453125 0.0875 0.4203125 0.08046875
1 0.2140625 0.11796875 0.334375 0.0484375
1 0.5203125 0.19609375 0.959375 0.028125
1 0.27109375 0.259375 0.2875 0.10234375
1 0.6875 0.259375 0.19765625 0.10234375
1 0.41328125 0.3296875 0.7578125 0.03828125
1 0.8953125 0.3171875 0.209375 0.0515625
1 0.509375 0.41875 0.2140625 0.103125
1 0.7109375 0.3890625 0.1109375 0.04296875
1 0.76640625 0.44609375 0.1828125 0.0375
1 0.17734375 0.4484375 0.27109375 0.06171875
1 0.24140625 0.5671875 0.36796875 0.03828125
1 0.26875 0.60234375 0.43125 0.03515625
1 0.2765625 0.634375 0.43984375 0.0359375
1 0.66953125 0.571875 0.234375 0.0375
1 0.66796875 0.715625 0.26171875 0.03203125
1 0.6421875 0.75078125 0.453125 0.0328125
1 0.16171875 0.75546875 0.20625 0.09609375
1 0.31875 0.7546875 0.090625 0.03125
1 0.12421875 0.84140625 0.1140625 0.03828125
1 0.26328125 0.9578125 0.39375 0.07734375
1 0.56171875 0.92265625 0.12890625 0.05234375
1 0.5609375 0.965625 0.1296875 0.034375