2 0.00645751875 0.2633606765625 0.4793293453125 0.175234809375 0.483764159375 0.042488281249999996 0.0042375484375000005 0.1174270828125 0.00645751875 0.2633606765625
1 0.0081379390625 0.2663806421875 0.0049775390624999995 0.37116709999999997 0.1477995609375 0.3461875 0.1448393546875 0.23706640625 0.0081379390625 0.2663806421875
1 0.3076418453125 0.2935989578125 0.48228417968750004 0.26204600624999996 0.47562402343750004 0.163442275 0.2965415046875 0.19893923593750001 0.3076418453125 0.2935989578125
2 0.3019206546875 0.28808203125 0.2950615234375 0.19236588593749998 0.142619384375 0.22786328125000002 0.1411394046875 0.3120052078125 0.3019206546875 0.28808203125
2 0.0089519046875 0.69462109375 0.49708447343750006 0.6527000875 0.493384278125 0.26748828125 0.002017578125 0.3608329 0.0089519046875 0.69462109375
1 0.1057941890625 0.8581050343750001 0.278041259375 0.8393897562499999 0.26546118124999996 0.6487556421875 0.0945187984375 0.671105903125 0.1057941890625 0.8581050343750001
1 0.590625 0.29609375 0.178125 0.08515625
1 0.6546875 0.5125 0.1859375 0.078125
1 0.58984375 0.6640625 0.15625 0.09921875
2 0.71640625 0.16796875 0.44765625 0.16875
2 0.6140625 0.43046875 0.21953125 0.06875
2 0.8109375 0.6859375 0.28671875 0.09296875
2 0.72734375 0.3546875 0.459375 0.07265625
2 0.5322265625 0.1332786453125 0.9440505375000001 0.07667100624999999 0.9336906734375001 0.005676215625 0.5148447265625 0.060894096875000005 0.5322265625 0.1332786453125