2 0.165625 0.190625 0.1484375 0.02109375
2 0.19296875 0.22265625 0.1890625 0.01875
2 0.20859375 0.2796875 0.23125 0.01875
1 0.25 0.24921875 0.290625 0.0328125
1 0.36796875 0.3140625 0.38125 0.05078125
1 0.75625 0.3171875 0.371875 0.0515625
1 0.6703125 0.3671875 0.1765625 0.0453125
1 0.2890625 0.36015625 0.25078125 0.04609375
1 0.5359375 0.4 0.8203125 0.0296875
2 0.21484375 0.45 0.27265625 0.02734375
1 0.49140625 0.44765625 0.18125 0.03671875
1 0.50390625 0.48671875 0.1984375 0.0390625
1 0.1875 0.490625 0.25 0.05078125
1 0.73828125 0.490625 0.14921875 0.0265625
1 0.69921875 0.4515625 0.06640625 0.02265625
2 0.20390625 0.5453125 0.2640625 0.0328125
1 0.25078125 0.584375 0.3375 0.02734375
1 0.27265625 0.61015625 0.3890625 0.025
1 0.2796875 0.63359375 0.3921875 0.0265625
1 0.6421875 0.58984375 0.209375 0.0265625
2 0.2125 0.66953125 0.2390625 0.02421875
1 0.65 0.7109375 0.32109375 0.05
1 0.440625 0.7234375 0.06796875 0.02734375
1 0.23203125 0.7203125 0.26796875 0.0703125
1 0.15 0.78359375 0.0984375 0.0234375
1 0.52734375 0.86484375 0.134375 0.0640625
1 0.259375 0.86875 0.35 0.0609375
2 0.11640625 0.81953125 0.04609375 0.01796875
2 0.50390625 0.81953125 0.08359375 0.021875