2 0.65390625 0.08046875 0.146875 0.0671875
1 0.70625 0.19453125 0.26171875 0.1484375
1 0.86953125 0.16953125 0.075 0.08046875
0 0.875 0.26328125 0.090625 0.11015625
1 0.65078125 0.31171875 0.15078125 0.06640625
0 0.603125 0.4484375 0.0765625 0.1375
0 0.86640625 0.43046875 0.0765625 0.15625
0 0.140625 0.46796875 0.12578125 0.103125
1 0.25 0.0625 0.3453125 0.0875
1 0.29296875 0.1734375 0.43359375 0.12265625
1 0.21796875 0.3359375 0.1734375 0.19921875
1 0.39453125 0.40625 0.15 0.109375
1 0.20078125 0.625 0.11171875 0.078125
1 0.1453125 0.73828125 0.1234375 0.09453125
1 0.34375 0.63984375 0.06953125 0.05859375
1 0.39765625 0.74453125 0.1859375 0.13828125
1 0.57890625 0.62578125 0.10625 0.0671875
1 0.765625 0.6171875 0.18203125 0.08359375
1 0.7453125 0.6890625 0.13125 0.09296875
1 0.77109375 0.8 0.1375 0.125
1 0.60078125 0.73828125 0.1921875 0.109375