1 0.44921875 0.653125 0.2203125 0.2359375
0 0.19453125 0.24453125 0.3203125 0.3671875
1 0.53359375 0.10078125 0.234375 0.08515625
1 0.58515625 0.1984375 0.29296875 0.10546875
1 0.53359375 0.2953125 0.121875 0.078125
1 0.5 0.40234375 0.15 0.07265625
1 0.68515625 0.41015625 0.07890625 0.08125
1 0.54453125 0.46796875 0.20546875 0.06328125
2 0.38828125 0.17578125 0.09140625 0.04921875
2 0.41328125 0.28046875 0.075 0.05859375
2 0.3875 0.38125 0.06484375 0.0484375
2 0.4 0.45390625 0.065625 0.0609375
1 0.15390625 0.4484375 0.11875 0.07265625
2 0.14140625 0.5921875 0.2046875 0.11484375
1 0.14609375 0.68828125 0.1859375 0.075
1 0.175 0.77109375 0.275 0.09375
1 0.1859375 0.86171875 0.140625 0.07734375
1 0.38359375 0.85859375 0.075 0.05859375
1 0.39140625 0.93046875 0.07578125 0.07421875