0 0.29461660156249997 0.4512010421875 0.0423001953125 0.447243403125 0.046752734375 0.70846493125 0.3168798828125 0.7058263890625 0.29461660156249997 0.4512010421875
1 0.4794013671875 0.40766423593749995 0.0341369140625 0.36016944375 0.024489453124999998 0.45779756875000005 0.4756908203125 0.48022569375 0.4794013671875 0.40766423593749995
1 0.29684296875 0.47231006875 0.29461660156249997 0.5409138890625 0.43487480468750006 0.5870892359375001 0.4311642578125 0.514527778125 0.29684296875 0.47231006875
1 0.442706640625 0.486755903125 0.442706640625 0.55321875 0.47955390624999994 0.55035 0.470947265625 0.48866875 0.442706640625 0.486755903125
1 0.5575521484375 0.5106635421875 0.57395859375 0.62876631875 0.6132265625 0.6306791671875 0.6051578125 0.5111416671875 0.5575521484375 0.5106635421875
1 0.306075390625 0.559912846875 0.31898535156249996 0.62541944375 0.558358984375 0.62733194375 0.5543246093749999 0.56565069375 0.306075390625 0.559912846875
1 0.46072675781249994 0.62446319375 0.4642232421875 0.74734756875 0.6089232421874999 0.736828125 0.611075 0.62828819375 0.46072675781249994 0.62446319375
0 0.4596509765625 0.7573885421875 0.45480976562500003 0.613465625 0.378425390625 0.616334721875 0.381383984375 0.7430440968750001 0.4596509765625 0.7573885421875
1 0.6088 0.37803680625 0.61384296875 0.45922256875 0.7855845703125001 0.45075555625 0.7785802734375 0.38451180625000003 0.6088 0.37803680625
1 0.7897869140625 0.40742326406249996 0.800433203125 0.492593403125 0.9648904296874999 0.5050451390624999 0.9693732421875 0.415890278125 0.7897869140625 0.40742326406249996
0 0.8110794921875 0.6793704859374999 0.786705078125 0.443284375 0.626450390625 0.4412920140625 0.63625625 0.65546319375 0.8110794921875 0.6793704859374999
1 0.7993126953125 0.4985704859375 0.831531640625 0.70875694375 0.9828210937499999 0.699293403125 0.980299609375 0.5229760421874999 0.7993126953125 0.4985704859375