2 0.509375 0.15234375 0.82421875 0.0578125
2 0.57109375 0.21640625 0.29609375 0.02578125
2 0.25234375 0.26015625 0.29453125 0.028125
2 0.48671875 0.303125 0.77265625 0.0578125
2 0.50703125 0.35859375 0.82421875 0.0453125
1 0.30703125 0.43125 0.35703125 0.090625
1 0.30625 0.60234375 0.36171875 0.0875
2 0.51015625 0.5109375 0.8453125 0.0625
2 0.409375 0.7125 0.63515625 0.11484375
2 0.83828125 0.7140625 0.1859375 0.08046875
2 0.38203125 0.80859375 0.2515625 0.06015625
0 0.67109375 0.79921875 0.190625 0.1046875
0 0.15 0.8078125 0.14765625 0.06875
2 0.5 0.878125 0.82890625 0.0546875
2 0.5265625 0.928125 0.871875 0.053125
2 0.265625 0.215625 0.3140625 0.0359375