2 0.23125 0.028125 0.1421875 0.04609375
2 0.234375 0.1 0.14140625 0.04375
2 0.29140625 0.171875 0.259375 0.05546875
2 0.25546875 0.2375 0.1828125 0.05078125
2 0.24296875 0.3109375 0.16484375 0.0515625
2 0.246875 0.38203125 0.1765625 0.0515625
2 0.44453125 0.4703125 0.41875 0.0828125
2 0.55625 0.56484375 0.1921875 0.04609375
2 0.5 0.6359375 0.08125 0.04921875
2 0.2046875 0.64296875 0.096875 0.0578125
2 0.23203125 0.571875 0.15546875 0.0625
2 0.34375 0.7421875 0.18125 0.08515625
2 0.559375 0.73671875 0.171875 0.0875
2 0.3078125 0.87265625 0.30390625 0.05078125
2 0.31875 0.9484375 0.321875 0.05546875
1 0.36953125 0.55625 0.0703125 0.06328125
1 0.7 0.3765625 0.0703125 0.0734375
1 0.6890625 0.30859375 0.06484375 0.06875
1 0.6890625 0.24765625 0.06171875 0.05
1 0.6796875 0.178125 0.06484375 0.053125
1 0.68046875 0.1125 0.06484375 0.05078125
1 0.67734375 0.053125 0.0609375 0.05078125
1 0.70546875 0.5453125 0.07265625 0.0625
1 0.7109375 0.62421875 0.084375 0.06328125
1 0.70078125 0.828125 0.08671875 0.075
1 0.703125 0.915625 0.07265625 0.06328125