2 0.4953125 0.128125 0.8453125 0.07890625
2 0.19453125 0.2046875 0.24453125 0.02734375
2 0.35234375 0.2796875 0.16640625 0.0828125
2 0.69453125 0.26796875 0.4609375 0.0546875
1 0.1625 0.2640625 0.1140625 0.05390625
1 0.26796875 0.36875 0.40234375 0.0578125
2 0.47109375 0.44296875 0.82265625 0.05390625
0 0.22734375 0.54453125 0.34140625 0.1375
0 0.67734375 0.54453125 0.43671875 0.14609375
2 0.246875 0.6359375 0.36640625 0.03515625
2 0.6859375 0.63671875 0.42890625 0.0328125
1 0.21015625 0.68828125 0.27890625 0.040625
1 0.7265625 0.6921875 0.45 0.05078125
1 0.65234375 0.73828125 0.296875 0.03984375
1 0.14375 0.73203125 0.1578125 0.03671875
1 0.259375 0.78046875 0.384375 0.07421875
1 0.5984375 0.78046875 0.20859375 0.0375
1 0.70703125 0.8296875 0.428125 0.06796875
1 0.70546875 0.88671875 0.42734375 0.0625
1 0.27109375 0.85546875 0.40703125 0.04140625
1 0.16640625 0.90703125 0.19453125 0.03828125
1 0.12421875 0.96484375 0.14296875 0.046875