2 0.05859375 0.215625 0.0875 0.0859375
2 0.1921875 0.08125 0.31171875 0.0734375
1 0.24921875 0.23828125 0.25234375 0.10546875
1 0.2625 0.35234375 0.32265625 0.1125
1 0.2671875 0.5015625 0.31875 0.153125
1 0.5828125 0.25859375 0.2890625 0.125
1 0.5828125 0.41328125 0.27890625 0.13984375
1 0.55234375 0.54609375 0.1828125 0.10625
1 0.834375 0.59375 0.27265625 0.13203125
1 0.9125 0.81015625 0.09140625 0.1265625
1 0.66015625 0.7828125 0.3421875 0.1703125
1 0.44921875 0.8375 0.16640625 0.13203125
2 0.13203125 0.61875 0.09765625 0.08984375
2 0.05546875 0.33828125 0.08046875 0.084375