2 0.221875 0.1328125 0.30078125 0.0296875
2 0.55 0.190625 0.73359375 0.05234375
0 0.1234375 0.1984375 0.09296875 0.103125
0 0.11796875 0.3203125 0.1125 0.09921875
1 0.5421875 0.3921875 0.13828125 0.05625
2 0.2265625 0.259375 0.3203125 0.03359375
2 0.55 0.32109375 0.72734375 0.0640625
2 0.259375 0.4015625 0.3875 0.05
2 0.2078125 0.46015625 0.27734375 0.034375
2 0.5625 0.51796875 0.7265625 0.05703125
0 0.14375 0.5265625 0.0828125 0.090625
1 0.5015625 0.590625 0.1390625 0.05546875
2 0.2421875 0.59609375 0.340625 0.0515625
2 0.1796875 0.65390625 0.21484375 0.025
2 0.52265625 0.67421875 0.62421875 0.0421875
0 0.13203125 0.6953125 0.13046875 0.040625
0 0.14375 0.75546875 0.0984375 0.08671875
0 0.24921875 0.7578125 0.084375 0.0859375
2 0.77109375 0.7640625 0.18359375 0.0828125
2 0.58984375 0.74296875 0.1125 0.028125
2 0.5921875 0.79296875 0.10625 0.02734375
2 0.42890625 0.72421875 0.16796875 0.01953125
1 0.42109375 0.74921875 0.14296875 0.025
1 0.42578125 0.79296875 0.146875 0.02734375
1 0.25703125 0.8578125 0.0953125 0.04921875
1 0.12734375 0.86015625 0.07421875 0.04765625
1 0.33046875 0.928125 0.27109375 0.05
2 0.13515625 0.91796875 0.10703125 0.03359375