2 0.1125 0.42734375 0.159375 0.11015625
2 0.18828125 0.56875 0.2578125 0.1234375
2 0.4515625 0.4234375 0.17578125 0.07890625
2 0.4453125 0.52734375 0.1515625 0.0734375
2 0.434375 0.61953125 0.134375 0.0734375
2 0.43828125 0.703125 0.14375 0.06640625
2 0.44765625 0.81875 0.146875 0.12578125
2 0.146875 0.78671875 0.16796875 0.153125
2 0.190625 0.66328125 0.13828125 0.0921875
2 0.9171875 0.509375 0.15546875 0.10234375
2 0.8390625 0.63515625 0.22109375 0.0828125
1 0.57265625 0.5140625 0.05859375 0.06640625
1 0.56171875 0.61171875 0.05 0.07578125
1 0.56875 0.703125 0.05703125 0.05078125
1 0.57890625 0.8015625 0.05859375 0.08515625
0 0.93515625 0.79296875 0.096875 0.1703125
2 0.6390625 0.5484375 0.05625 0.0546875
1 0.64296875 0.6 0.046875 0.05078125