2 0.16640625 0.4796875 0.18046875 0.084375
2 0.1296875 0.590625 0.1109375 0.07265625
2 0.30703125 0.6140625 0.1328125 0.06796875
2 0.0890625 0.67734375 0.05859375 0.065625
2 0.184375 0.69921875 0.10703125 0.05390625
2 0.3828125 0.72421875 0.07109375 0.04375
1 0.296875 0.71875 0.103125 0.06484375
1 0.13984375 0.75546875 0.128125 0.06796875
2 0.26640625 0.76875 0.1203125 0.0578125
2 0.253125 0.8125 0.353125 0.06484375
0 0.26953125 0.90390625 0.12578125 0.1203125
2 0.56484375 0.503125 0.21328125 0.04609375
1 0.4796875 0.6140625 0.08515625 0.1171875
1 0.59921875 0.60390625 0.15390625 0.15390625
1 0.5265625 0.70390625 0.04453125 0.05625
1 0.50625 0.86171875 0.11328125 0.13359375
2 0.79375 0.9359375 0.053125 0.05
2 0.8890625 0.93515625 0.0421875 0.04765625
2 0.80859375 0.7453125 0.09609375 0.05390625
2 0.79921875 0.69453125 0.06953125 0.040625
2 0.8328125 0.64765625 0.140625 0.06953125
1 0.775 0.52109375 0.13046875 0.0640625
1 0.90546875 0.5171875 0.11953125 0.1296875
1 0.6828125 0.8703125 0.1140625 0.10390625