1 0.75859375 0.071875 0.37734375 0.071875
1 0.25390625 0.075 0.33359375 0.05390625
1 0.6578125 0.16484375 0.2984375 0.034375
1 0.6921875 0.21875 0.409375 0.05546875
1 0.6875 0.27265625 0.4 0.03984375
1 0.80078125 0.31640625 0.21015625 0.0453125
1 0.75390625 0.3609375 0.21171875 0.03984375
1 0.44765625 0.36796875 0.1921875 0.0390625
1 0.2328125 0.3203125 0.1625 0.0390625
1 0.16484375 0.38984375 0.2796875 0.0734375
1 0.42109375 0.45546875 0.59765625 0.0890625
1 0.43671875 0.53515625 0.63203125 0.0640625
1 0.26796875 0.63515625 0.3515625 0.04296875
1 0.28828125 0.69296875 0.33671875 0.05
1 0.73515625 0.68828125 0.37109375 0.07890625
0 0.4234375 0.91640625 0.65625 0.1671875
0 0.42890625 0.76640625 0.63828125 0.1234375