2 0.2953125 0.14375 0.4125 0.03125
2 0.51328125 0.19375 0.84296875 0.06875
2 0.51640625 0.2890625 0.85078125 0.08515625
2 0.53515625 0.3734375 0.88671875 0.04765625
0 0.21875 0.4328125 0.2 0.0515625
0 0.22578125 0.5125 0.246875 0.05859375
1 0.2 0.5984375 0.34453125 0.0921875
2 0.6515625 0.44296875 0.47578125 0.0515625
2 0.67890625 0.53203125 0.51171875 0.08125
2 0.67890625 0.62734375 0.528125 0.08125
2 0.509375 0.72421875 0.85625 0.07890625
2 0.6765625 0.79921875 0.58984375 0.03515625
0 0.2046875 0.8015625 0.209375 0.0515625
0 0.20234375 0.878125 0.20390625 0.06953125
1 0.6484375 0.84609375 0.47265625 0.059375
1 0.5625 0.89140625 0.315625 0.06796875
1 0.55390625 0.9484375 0.3 0.05
1 0.20703125 0.95078125 0.16796875 0.05546875
2 0.86328125 0.88984375 0.15625 0.05546875