0 0.35703125 0.2 0.6015625 0.11953125
0 0.2375 0.60390625 0.34453125 0.11953125
2 0.240625 0.5109375 0.34609375 0.07421875
2 0.66640625 0.58359375 0.50546875 0.08359375
1 0.64296875 0.63359375 0.4453125 0.02734375
1 0.4 0.70703125 0.63984375 0.03046875
0 0.1546875 0.84921875 0.18203125 0.13046875
1 0.5578125 0.840625 0.340625 0.05703125
2 0.596875 0.79375 0.4453125 0.03046875
2 0.25625 0.75078125 0.36875 0.0328125
2 0.45390625 0.68203125 0.76015625 0.0234375
1 0.35859375 0.42890625 0.3875 0.06484375
1 0.7234375 0.35625 0.22421875 0.059375
1 0.3265625 0.34296875 0.36328125 0.075
2 0.67421875 0.3171875 0.165625 0.0234375