2 0.4671875 0.1296875 0.790625 0.0609375
0 0.2546875 0.24609375 0.37734375 0.18984375
1 0.571875 0.17265625 0.2328125 0.0359375
2 0.671875 0.225 0.43046875 0.0796875
1 0.6359375 0.30390625 0.3765625 0.05390625
1 0.63984375 0.35703125 0.384375 0.05234375
1 0.6578125 0.4109375 0.41875 0.0515625
1 0.1734375 0.3953125 0.1640625 0.08125
2 0.9296875 0.4109375 0.13046875 0.053125
2 0.11875 0.46484375 0.09765625 0.02890625
0 0.2203125 0.56484375 0.32890625 0.17109375
1 0.640625 0.5234375 0.4515625 0.0375
1 0.62265625 0.575 0.38515625 0.05625
1 0.60390625 0.6234375 0.178125 0.03125
2 0.4609375 0.61796875 0.08828125 0.0265625
2 0.11796875 0.6671875 0.096875 0.0265625
2 0.18359375 0.76484375 0.2484375 0.02890625
1 0.40546875 0.6734375 0.43515625 0.046875
1 0.3796875 0.72265625 0.59765625 0.040625
1 0.840625 0.72421875 0.15078125 0.05
1 0.49609375 0.771875 0.35 0.04453125
1 0.49921875 0.8203125 0.3296875 0.0359375
1 0.48046875 0.8625 0.11015625 0.03359375
1 0.8484375 0.79140625 0.17578125 0.0875