2 0.2796875 0.365625 0.52109375 0.01640625
2 0.5765625 0.38359375 0.05703125 0.0203125
2 0.76015625 0.3796875 0.2921875 0.021875
2 0.83984375 0.40390625 0.13046875 0.0234375
2 0.74765625 0.44453125 0.31484375 0.0421875
2 0.76484375 0.4890625 0.3390625 0.04765625
2 0.75703125 0.54140625 0.3203125 0.05390625
1 0.6890625 0.40390625 0.12890625 0.0234375
0 0.2109375 0.46875 0.3609375 0.0859375
2 0.2625 0.40625 0.45078125 0.0484375
1 0.29453125 0.61015625 0.29765625 0.03203125
1 0.621875 0.60625 0.2140625 0.0296875
1 0.6796875 0.640625 0.29921875 0.03203125
1 0.7203125 0.67734375 0.22421875 0.04296875
1 0.315625 0.6484375 0.34296875 0.02890625
1 0.27890625 0.69140625 0.28828125 0.03671875