1 0.73125 0.53125 0.178125 0.19140625
1 0.21796875 0.39296875 0.25390625 0.09140625
1 0.25390625 0.4828125 0.3125 0.1
1 0.4640625 0.58359375 0.2703125 0.096875
1 0.49453125 0.81796875 0.25078125 0.1125
0 0.196875 0.67109375 0.33671875 0.37734375
1 0.465625 0.39296875 0.14765625 0.05625
1 0.54296875 0.4609375 0.15078125 0.08828125
2 0.81875 0.4046875 0.29921875 0.12734375
0 0.8984375 0.5625 0.1296875 0.20546875
0 0.9171875 0.70390625 0.0984375 0.12109375
0 0.81875 0.71875 0.0875 0.19296875
1 0.696875 0.715625 0.1265625 0.1171875