1 0.45703125 0.32421875 0.25390625 0.1203125
1 0.465625 0.4765625 0.26953125 0.14453125
1 0.425 0.58984375 0.17265625 0.10234375
1 0.1640625 0.55234375 0.303125 0.159375
1 0.16640625 0.4125 0.30703125 0.10390625
1 0.14296875 0.30703125 0.24453125 0.11640625
1 0.69140625 0.640625 0.2359375 0.11484375
1 0.5890625 0.82734375 0.44296875 0.14453125
1 0.33359375 0.8625 0.17265625 0.128125
2 0.45390625 0.69375 0.2796875 0.10234375
2 0.37734375 0.0828125 0.11796875 0.1046875
1 0.52421875 0.134375 0.17421875 0.0890625
2 0.13125 0.15 0.25625 0.08671875
2 0.08125 0.0765625 0.146875 0.0625