2 0.19609375 0.13828125 0.203125 0.0296875
2 0.73125 0.165625 0.17890625 0.03359375
1 0.55234375 0.1625 0.12890625 0.03046875
0 0.26015625 0.24765625 0.378125 0.19453125
2 0.2359375 0.378125 0.34609375 0.0328125
2 0.2890625 0.4078125 0.38515625 0.0265625
2 0.69765625 0.48125 0.5375 0.0859375
0 0.24609375 0.4890625 0.33984375 0.14140625
2 0.50859375 0.5890625 0.8453125 0.053125
2 0.63984375 0.62734375 0.3234375 0.0296875
1 0.2984375 0.628125 0.34296875 0.02421875
2 0.5359375 0.72421875 0.89609375 0.1296875
2 0.528125 0.82578125 0.87421875 0.03984375
1 0.415625 0.8875 0.5921875 0.11015625