2 0.51015625 0.2015625 0.0796875 0.04296875
2 0.52578125 0.365625 0.07578125 0.04765625
2 0.16796875 0.371875 0.07109375 0.046875
2 0.1796875 0.20859375 0.07265625 0.02734375
2 0.43828125 0.51953125 0.06875 0.04453125
2 0.47265625 0.6546875 0.0640625 0.03671875
2 0.4984375 0.796875 0.0703125 0.0453125
2 0.29140625 0.52265625 0.21875 0.034375
2 0.63984375 0.5125 0.0890625 0.0375
1 0.284375 0.203125 0.1140625 0.0390625
1 0.2953125 0.27265625 0.21796875 0.090625
1 0.3390625 0.39296875 0.25234375 0.11953125
1 0.66640625 0.24140625 0.2359375 0.1171875
1 0.696875 0.384375 0.253125 0.1125
1 0.5359375 0.5421875 0.090625 0.08828125
1 0.7390625 0.5328125 0.140625 0.07734375
1 0.63984375 0.690625 0.246875 0.134375
1 0.7859375 0.60078125 0.11953125 0.05
1 0.6625 0.8390625 0.2796875 0.1234375
1 0.1453125 0.54453125 0.05234375 0.078125
1 0.24375 0.56328125 0.12421875 0.05390625
1 0.2515625 0.6203125 0.24140625 0.0875
1 0.24453125 0.6921875 0.24609375 0.06484375
1 0.32265625 0.75546875 0.10390625 0.103125
1 0.19140625 0.83359375 0.134375 0.19375
1 0.45078125 0.609375 0.0640625 0.03984375