2 0.3078125 0.03125 0.32109375 0.046875
2 0.25859375 0.2140625 0.2640625 0.0390625
1 0.31953125 0.10546875 0.37578125 0.1
1 0.746875 0.09453125 0.36015625 0.0796875
1 0.78046875 0.27890625 0.16171875 0.0421875
1 0.4453125 0.3734375 0.69296875 0.11171875
1 0.3390625 0.27890625 0.4703125 0.090625
1 0.3171875 0.49375 0.32265625 0.04609375
1 0.43671875 0.55625 0.5484375 0.078125
1 0.33203125 0.69921875 0.24140625 0.07421875
1 0.4 0.78828125 0.240625 0.078125
1 0.71875 0.65859375 0.29296875 0.04453125
1 0.70546875 0.7140625 0.246875 0.05
1 0.6984375 0.77265625 0.22421875 0.04296875
1 0.72265625 0.828125 0.296875 0.0625
1 0.71015625 0.9 0.26328125 0.05078125
2 0.15390625 0.68828125 0.1234375 0.075