1 0.121875 0.4484375 0.159375 0.10859375
1 0.61171875 0.55390625 0.06484375 0.10234375
1 0.61953125 0.71640625 0.05390625 0.04375
1 0.40625 0.809375 0.0921875 0.0890625
2 0.153125 0.540625 0.23125 0.04921875
1 0.09140625 0.61171875 0.10546875 0.08203125
1 0.20703125 0.6 0.0640625 0.0828125
2 0.27578125 0.6078125 0.053125 0.0859375
2 0.134375 0.6984375 0.2046875 0.10625
0 0.38515625 0.43359375 0.109375 0.115625
0 0.49296875 0.67421875 0.0828125 0.0828125
0 0.39921875 0.7015625 0.12265625 0.1265625
0 0.71015625 0.47109375 0.08125 0.06640625
0 0.825 0.4703125 0.12578125 0.1046875
0 0.60546875 0.47421875 0.06640625 0.046875
0 0.7125 0.66796875 0.09375 0.0828125
0 0.8203125 0.61640625 0.125 0.15859375
0 0.6125 0.671875 0.071875 0.04296875
0 0.61953125 0.8328125 0.059375 0.05390625
0 0.728125 0.81171875 0.10859375 0.075
0 0.884375 0.784375 0.14765625 0.171875
2 0.73125 0.3953125 0.1828125 0.05859375
2 0.4046875 0.5953125 0.0984375 0.0625
2 0.40078125 0.51171875 0.09765625 0.05
2 0.5078125 0.7328125 0.0671875 0.0546875