2 0.5140625 0.1578125 0.89453125 0.0765625
2 0.609375 0.21171875 0.365625 0.02421875
1 0.2609375 0.2359375 0.3609375 0.0828125
2 0.66171875 0.30703125 0.3109375 0.02421875
1 0.66640625 0.334375 0.3109375 0.02578125
1 0.88359375 0.35 0.07890625 0.03125
1 0.67421875 0.38046875 0.29296875 0.03359375
0 0.265625 0.34375 0.415625 0.1359375
1 0.2671875 0.42890625 0.3609375 0.040625
2 0.47890625 0.503125 0.81328125 0.07421875
1 0.1625 0.59140625 0.10703125 0.05390625
1 0.4421875 0.61015625 0.35703125 0.1125
0 0.33515625 0.728125 0.49609375 0.13359375