2 0.303125 0.13203125 0.459375 0.03828125
2 0.5640625 0.1796875 0.28359375 0.0328125
1 0.59453125 0.25625 0.3375 0.11953125
0 0.23125 0.215625 0.359375 0.121875
0 0.259375 0.3921875 0.4734375 0.11953125
1 0.6890625 0.41484375 0.2875 0.0625
2 0.221875 0.46875 0.32578125 0.02578125
1 0.65390625 0.54609375 0.43203125 0.12578125
1 0.2359375 0.52734375 0.3375 0.0890625
2 0.13046875 0.61015625 0.11953125 0.03359375
2 0.45546875 0.684375 0.78984375 0.025
2 0.21953125 0.67265625 0.31796875 0.09921875
0 0.22890625 0.79453125 0.30859375 0.13671875
2 0.50625 0.88984375 0.87265625 0.05390625