1 0.12578125 0.05546875 0.0609375 0.04765625
1 0.19609375 0.2140625 0.1171875 0.19453125
1 0.21953125 0.35078125 0.16171875 0.0578125
1 0.21640625 0.40546875 0.2015625 0.08515625
1 0.17734375 0.45859375 0.10625 0.0625
1 0.54921875 0.08203125 0.16484375 0.0515625
1 0.49921875 0.17265625 0.17109375 0.13359375
1 0.521875 0.37109375 0.18984375 0.13046875
1 0.56796875 0.2734375 0.1609375 0.04609375
1 0.8015625 0.0484375 0.09296875 0.0375
1 0.771875 0.1234375 0.14453125 0.11484375
2 0.24921875 0.05078125 0.17421875 0.0375
2 0.153125 0.09921875 0.1171875 0.03125
2 0.36640625 0.05234375 0.0546875 0.02734375
2 0.41640625 0.08671875 0.08125 0.05
2 0.703125 0.05 0.08984375 0.03671875
2 0.70234375 0.21171875 0.05078125 0.034375
1 0.82109375 0.21953125 0.171875 0.05234375
2 0.7015625 0.26484375 0.07890625 0.03046875
1 0.82578125 0.265625 0.14609375 0.03359375
1 0.83671875 0.29921875 0.1484375 0.03359375
1 0.70625 0.29765625 0.09375 0.028125
1 0.7046875 0.35234375 0.09609375 0.03828125
1 0.703125 0.4234375 0.0953125 0.046875
1 0.7796875 0.42109375 0.05234375 0.03984375
1 0.78359375 0.340625 0.0546875 0.040625
1 0.8578125 0.33984375 0.06640625 0.0578125
1 0.86171875 0.4421875 0.09453125 0.078125
2 0.1515625 0.5515625 0.1 0.03515625
1 0.1375 0.61328125 0.08828125 0.07109375
1 0.25390625 0.5984375 0.11015625 0.05234375
1 0.4375 0.58828125 0.15859375 0.05625
1 0.13828125 0.7109375 0.08046875 0.07109375
1 0.25546875 0.69375 0.11171875 0.07109375
1 0.4390625 0.7046875 0.16875 0.046875
1 0.1453125 0.82734375 0.09921875 0.09453125
1 0.36875 0.8015625 0.31796875 0.078125
2 0.6328125 0.5453125 0.19765625 0.046875
1 0.8234375 0.578125 0.1390625 0.1171875
1 0.6234375 0.6 0.1359375 0.04296875
1 0.5703125 0.64765625 0.040625 0.04609375
1 0.625 0.696875 0.1265625 0.04765625
1 0.6015625 0.8296875 0.07734375 0.1046875
1 0.65390625 0.75234375 0.1953125 0.053125
1 0.88125 0.684375 0.06171875 0.09375
1 0.3 0.13671875 0.0515625 0.03828125
2 0.42578125 0.28125 0.0828125 0.03828125