0 0.70859375 0.06015625 0.32578125 0.11953125
0 0.53125 0.309375 0.4875 0.159375
0 0.5109375 0.59140625 0.55390625 0.18828125
0 0.71015625 0.88984375 0.43671875 0.1953125
1 0.325 0.08203125 0.42421875 0.0828125
1 0.51953125 0.19453125 0.87890625 0.0625
1 0.86953125 0.24453125 0.21015625 0.0578125
1 0.25390625 0.47890625 0.32109375 0.04140625
1 0.7171875 0.48359375 0.565625 0.096875
2 0.1546875 0.1546875 0.21484375 0.0359375
2 0.21796875 0.43828125 0.33828125 0.04453125
2 0.1875 0.728125 0.28046875 0.0484375
1 0.38984375 0.78359375 0.68125 0.05625
1 0.65078125 0.7375 0.15078125 0.0390625