2 0.5453125 0.1328125 0.16484375 0.14296875
1 0.575 0.315625 0.25625 0.203125
1 0.2046875 0.2734375 0.175 0.1875
0 0.309375 0.5828125 0.24453125 0.31796875
0 0.63359375 0.56953125 0.1625 0.20703125
0 0.7703125 0.64609375 0.13828125 0.1953125
0 0.86953125 0.37265625 0.22578125 0.38359375
1 0.88046875 0.0765625 0.1625 0.11015625
2 0.3125 0.10859375 0.1421875 0.10078125
1 0.509375 0.5265625 0.21484375 0.1734375
0 0.49296875 0.6859375 0.13828125 0.13984375
1 0.928125 0.62109375 0.1234375 0.20234375
1 0.40546875 0.9359375 0.54609375 0.12734375
0 0.84140625 0.9046875 0.2828125 0.190625