2 0.0783477953125 0.1372163453125 0.07747725625 0.1821233390625 0.44571238593749996 0.1584224109375 0.43961861406249997 0.12099975 0.0783477953125 0.1372163453125
2 0.481404128125 0.1546801203125 0.48314520625 0.18274705468750002 0.724282715625 0.170273 0.7129657109374999 0.143453496875 0.481404128125 0.1546801203125
2 0.5162256828125 0.523916771875 0.5188372984375 0.49273126093749997 0.07660671875 0.50021584375 0.079218334375 0.53763850625 0.5162256828125 0.523916771875
2 0.3638824359375 0.3754735515625 0.36127081875 0.40478816718750005 0.7826084671875 0.3891952875 0.781737928125 0.3642469296875 0.3638824359375 0.3754735515625
0 0.464864240625 0.2613346703125 0.460511546875 0.157798696875 0.07051294687500001 0.1740152921875 0.067031140625 0.27505640468750003 0.464864240625 0.2613346703125
0 0.2541952421875 0.3542674859375 0.06790167968750001 0.3623757828125 0.071383484375 0.46591175781249994 0.2585479359375 0.46029832031250006 0.2541952421875 0.3542674859375
0 0.4857568234375 0.792112309375 0.48488628437500003 0.6605094015625 0.0896648 0.67610203125 0.082700490625 0.796478315625 0.4857568234375 0.792112309375
1 0.49968544374999996 0.27630383593749996 0.9567148359375001 0.263205815625 0.9401745968749999 0.156551265625 0.49533275000000004 0.180875909375 0.49968544374999996 0.27630383593749996
1 0.0800888734375 0.310607671875 0.08095941250000001 0.3748498375 0.805242128125 0.3480303328125 0.7965367390625 0.2825407375 0.0800888734375 0.310607671875
1 0.3708467453125 0.4833755328125 0.745175646875 0.472148909375 0.740822953125 0.3923138625 0.36562351249999997 0.402917021875 0.3708467453125 0.4833755328125
1 0.3403782359375 0.5488651296875 0.3438600421875 0.6068701421875 0.8896836953125 0.597514665625 0.8879426171875 0.5345199296875001 0.3403782359375 0.5488651296875
0 0.289887334375 0.6311950359375 0.290757871875 0.5357673609375 0.0800888734375 0.5357673609375 0.079218334375 0.633689896875 0.289887334375 0.6311950359375
1 0.6807561234375 0.7372256203124999 0.67814450625 0.6860814734375 0.49098005625 0.6873289046875 0.49533275000000004 0.735978190625 0.6807561234375 0.7372256203124999
1 0.08531210624999999 0.798972925 0.0896648 0.85510704375 0.3029450671875 0.8482461765625 0.298592371875 0.798972925 0.08531210624999999 0.798972925
1 0.391739328125 0.796478315625 0.37781105625 0.868828528125 0.651158153125 0.8619679124999999 0.639841146875 0.7927360234374999 0.391739328125 0.796478315625
1 0.10881665468749999 0.8675810984375 0.1149100765625 0.9704933562500001 0.32035584375 0.9686222109375 0.3133915328125 0.8625916265625 0.10881665468749999 0.8675810984375
1 0.42917249843749994 0.8881637 0.44223023125000005 0.9330706937500001 0.5876091671875 0.92995211875 0.578903778125 0.8850451234375001 0.42917249843749994 0.8881637
1 0.618948215625 0.888787415625 0.6180776765625 0.9418027078125 0.7617155359375001 0.9449212828125001 0.7547512249999999 0.8856688390624999 0.618948215625 0.888787415625