2 0.22421875 0.0453125 0.22109375 0.04296875
2 0.68046875 0.75078125 0.4375 0.06328125
2 0.53203125 0.6203125 0.14921875 0.05234375
2 0.49375 0.57578125 0.0765625 0.03203125
2 0.51171875 0.5328125 0.075 0.03671875
0 0.7 0.39609375 0.59921875 0.1890625
0 0.80625 0.07734375 0.31484375 0.14765625
1 0.36171875 0.11171875 0.56171875 0.07578125
1 0.24140625 0.19296875 0.41640625 0.05078125
1 0.24296875 0.2515625 0.403125 0.06171875
1 0.63515625 0.20390625 0.27734375 0.09609375
1 0.29140625 0.38359375 0.4046875 0.05859375
2 0.5296875 0.69921875 0.14921875 0.05390625