1 0.66875 0.21875 0.209375 0.11953125
1 0.290625 0.38359375 0.28515625 0.1078125
1 0.6765625 0.10078125 0.1515625 0.115625
1 0.66171875 0.64921875 0.2640625 0.09921875
1 0.2578125 0.57421875 0.30625 0.0953125
1 0.2390625 0.6703125 0.12734375 0.07109375
1 0.23046875 0.76015625 0.1875 0.0890625
1 0.25859375 0.84921875 0.16328125 0.08203125
2 0.4109375 0.46875 0.55859375 0.0796875
2 0.10234375 0.38828125 0.05859375 0.0703125
2 0.10234375 0.48828125 0.06015625 0.05859375
2 0.675 0.53828125 0.44140625 0.10859375
2 0.60859375 0.77109375 0.2484375 0.09609375
2 0.53515625 0.08046875 0.09921875 0.0890625
0 0.2546875 0.13984375 0.38046875 0.27890625