1 0.37265625 0.18046875 0.4921875 0.1265625
1 0.60546875 0.296875 0.3125 0.12109375
1 0.74921875 0.16953125 0.07421875 0.06796875
1 0.209375 0.50078125 0.15 0.16953125
1 0.38828125 0.4171875 0.078125 0.0703125
1 0.3921875 0.51484375 0.09453125 0.0625
1 0.57578125 0.4171875 0.1890625 0.10625
1 0.58203125 0.51953125 0.2046875 0.08203125
1 0.58203125 0.61953125 0.2015625 0.1015625
1 0.81640625 0.640625 0.1484375 0.08046875
1 0.82421875 0.53046875 0.22578125 0.11484375
1 0.81484375 0.40078125 0.21953125 0.11328125