2 0.50546875 0.175 0.81953125 0.11171875
2 0.50390625 0.27109375 0.821875 0.046875
2 0.5078125 0.3390625 0.82578125 0.0546875
2 0.29375 0.40546875 0.409375 0.0359375
2 0.7359375 0.48515625 0.44140625 0.096875
2 0.43125 0.6203125 0.68984375 0.07890625
2 0.3234375 0.70703125 0.4578125 0.05
2 0.75234375 0.70703125 0.3296875 0.05234375
1 0.24453125 0.7484375 0.2953125 0.04140625
1 0.22578125 0.7984375 0.25625 0.04765625
1 0.2234375 0.8453125 0.246875 0.04140625
1 0.78984375 0.76640625 0.4203125 0.03671875
1 0.778125 0.8171875 0.44375 0.03984375
1 0.7578125 0.86484375 0.36171875 0.0375
2 0.2875 0.9140625 0.3796875 0.071875
0 0.2953125 0.4984375 0.44375 0.16484375