2 0.1078125 0.13359375 0.0921875 0.03515625
0 0.1671875 0.20625 0.21640625 0.09453125
1 0.403125 0.20703125 0.225 0.08359375
2 0.73828125 0.2171875 0.4140625 0.1328125
2 0.090625 0.28515625 0.071875 0.02109375
1 0.490625 0.32265625 0.853125 0.05
1 0.1125 0.3734375 0.11484375 0.0453125
2 0.4875 0.3671875 0.63203125 0.0328125
1 0.190625 0.4296875 0.246875 0.06484375
1 0.509375 0.49296875 0.8765625 0.04453125
1 0.4640625 0.54453125 0.78359375 0.05546875
2 0.4671875 0.584375 0.78984375 0.0328125
2 0.46875 0.63125 0.490625 0.02734375
1 0.146875 0.6390625 0.14609375 0.05
1 0.35 0.67734375 0.5421875 0.0546875
2 0.153125 0.73359375 0.15859375 0.03203125
1 0.50625 0.73046875 0.51953125 0.05234375
2 0.11015625 0.7796875 0.07578125 0.03046875
2 0.72265625 0.83359375 0.31875 0.05390625
1 0.41796875 0.83671875 0.24453125 0.0671875
0 0.171875 0.84609375 0.22734375 0.08671875
2 0.1015625 0.903125 0.05859375 0.01953125
2 0.421875 0.90390625 0.12109375 0.02578125
1 0.6515625 0.9359375 0.334375 0.12421875
1 0.21796875 0.93203125 0.2703125 0.04453125