1 0.24296875 0.17421875 0.2484375 0.0875
1 0.5765625 0.16875 0.25 0.09765625
1 0.2046875 0.259375 0.16171875 0.0484375
1 0.5453125 0.2 0.00078125 0.003125
1 0.384375 0.253125 0.0875 0.03203125
1 0.54453125 0.26953125 0.1859375 0.09375
1 0.25078125 0.3546875 0.30546875 0.05234375
1 0.25078125 0.42578125 0.325 0.06484375
1 0.25078125 0.503125 0.30390625 0.05546875
1 0.24765625 0.5765625 0.3125 0.059375
1 0.2453125 0.6484375 0.30078125 0.0625
1 0.6515625 0.3515625 0.315625 0.05625
1 0.66015625 0.421875 0.32109375 0.06015625
1 0.65546875 0.4953125 0.30625 0.06328125
1 0.65625 0.5734375 0.31171875 0.0671875
1 0.28515625 0.7375 0.33671875 0.0953125
1 0.34453125 0.82265625 0.44921875 0.0453125
1 0.31015625 0.86796875 0.4 0.0375
1 0.7984375 0.82421875 0.31796875 0.05859375
1 0.78125 0.878125 0.278125 0.04921875
1 0.8078125 0.9296875 0.34765625 0.053125